4.0 5.1 6.1 7.2 7.4 6.5 5.3 5.3 4.9 3.4 3.0 3.6
2.8 3.5 4.8 6.4 7.3 7.0 5.9 5.8 6.2 3.1 2.1 2.3
1.5 2.2 3.3 4.6 5.8 5.7 5.1 4.8 4.9 2.2 1.1 1.2
3.0 3.8 4.5 5.1 5.1 5.3 4.6 4.0 3.8 2.5 2.1 2.4
3.8 4.8 7.2 9.0 9.1 9.2 7.8 7.6 6.4 3.9 2.6 2.8
4.4 5.5 6.5 8.3 9.8 10.0 9.1 8.4 7.6 4.8 4.0 4.4
3.6 4.5 5.9 6.9 7.2 6.5 5.6 5.0 4.6 3.4 2.6 3.0
3.8 4.3 4.0 5.7 6.0 5.2 6.1 5.1 4.9 2.4 1.0 1.2
2.3 3.0 4.2 4.7 5.8 5.0 5.1 4.9 4.0 2.2 1.7 1.6
2.6 3.3 4.2 6.2 7.9 7.3 6.2 6.6 5.1 2.7 1.9 1.9
2.4 3.6 4.7 6.1 6.6 5.7 4.8 4.7 3.9 2.4 1.6 1.8
3.5 4.5 6.1 9.6 12.0 11.4 9.8 9.1 7.1 3.9 2.7 2.5
3.7 4.9 6.2 8.3 9.3 9.0 7.9 8.1 6.8 3.7 2.6 3.0
2.0 4.5 9.3 8.1 8.3 7.4 8.6 9.8 6.4 4.8 2.1 1.5