78 69 67 58 68 77 84 84 82 77 72 77
79 70 53 58 59 71 83 83 81 76 72 76
68 63 62 52 58 65 72 80 79 79 71 65
74 64 46 38 44 60 80 83 80 72 69 72
83 73 59 60 69 80 85 83 82 78 77 83
76 67 47 39 46 63 82 84 82 77 73 75
81 77 66 53 58 71 81 86 85 83 79 8
81 73 60 56 67 76 84 83 82 77 73 7
84 72 59 57 67 77 86 84 84 77 74 80
78 69 53 48 59 70 83 83 82 76 73 77
80 70 58 62 73 82 88 86 86 80 76 79
86 79 59 53 61 75 83 82 82 79 79 85
82 73 59 60 69 79 86 86 84 80 76 79
87 79 70 70 77 85 89 86 86 84 79 85