
11.9 14.1 19.3 23.4 24.8 26.4 26.2 26.3 25.9 23.1 17.8 12.9 21.0

10.5 12.5 17.5 23.0 25.5 26.9 26.3 26.2 25.7 22.7 16.7 11.7 20.4

9.3 11.3 15.6 20.1 22.2 23.8 24.3 24.6 24.3 21.6 15.6 10.7 18.6

8.6 11.2 15.7 20.9 23.5 24.6 23.0 22.6 22.3 18.5 12.6 8.5 17.7

9.4 11.3 15.6 20.6 23.3 25.1 25.5 25.3 24.8 21.7 15.7 10.6 19.1

8.9 11.6 16.4 22.5 25.9 27.3 25.8 25.6 24.9 21.0 14.3 9.5 19.5

11.1 13.4 18.1 23.2 26.1 27.2 26.3 26.1 25.6 22.3 16.7 12.4 20.7

8.4 10.5 14.8 19.6 23.0 25.1 25.4 25.5 24.5 20.7 14.4 9.8 18.5

9.6 11.8 16.4 21.5 24.5 26.3 26.3 26.4 25.4 21.8 15.6 10.8 19.7

9.1 11.3 16.2 22.0 24.9 26.6 26.0 26.0 25.2 21.4 14.9 9.8 19.4

7.8 10.0 14.5 19.7 22.4 24.4 24.8 24.9 24.1 20.6 14.1 9.0 18.0

8.1 9.6 13.4 19.8 23.3 25.4 25.6 25.6 24.5 20.7 14.3 8.7 18.3

7.8 9.8 14.4 20.7 23.7 25.6 25.5 25.6 24.8 21.3 14.2 8.7 18.5

9.8 11.6 15.3 20.6 23.1 24.7 24.2 25.0 24.7 21.8 15.6 10.8 18.9