0.9 0.9 0.8 1.3 3.5 8.2 13.8 12.4 9.8 3.2 0.3 0.5
1.2 0.9 0.7 0.7 1.9 6.0 12.8 12.2 9.0 2.6 0.3 0.6
0.8 0.7 0.7 1.4 3.2 6.6 12.5 10.6 8.1 2.2 0.3 0.5
1.6 1.4 1.1 0.9 1.7 6.1 14.9 14.0 9.5 2.8 0.4 0.6
0.7 0.6 0.8 2.2 5.5 10.0 16.2 13.3 10.7 3.0 0.3 0.6
0.9 0.9 0.7 0.4 1.2 5.9 12.4 12.2 8.8 2.1 0.5 0.7
0.9 0.7 0.6 0.8 2.2 7.3 13.8 12.6 10.2 2.9 0.4 0.4
1.4 1.1 1.0 0.8 3.0 8.5 13.8 11.6 8.8 2.2 0.3 0.1
0.9 0.9 0.6 1.1 3.1 6.4 12.8 11.5 8.7 2.2 0.5 0.4
1.0 0.8 0.7 0.7 1.6 5.3 12.6 10.9 8.6 2.2 0.3 0.4
0.7 0.7 0.9 2.1 5.7 10.0 16.7 13.8 11.2 3.3 0.5 0.6
1.3 0.4 0.9 0.8 2.8 7.5 12.2 11.5 7.8 1.9 0.1 0.2
0.9 1.0 0.7 1.2 4.1 8.1 15.3 11.6 9.6 4.0 0.1 0.7
0.8 0.8 0.8 1.8 4.4 8.3 14.3 12.3 9.8 2.5 0.4 0.4