13.4 7.5 9.6 16.7 63.7 173.3 308.4 264.1 248.9 84.3 7.0 6.5
17.0 10.5 6.9 7.8 30.6 122.2 311.7 281.6 214.7 53.8 8.4 4.1
10.9 7.6 7.5 19.4 57.4 160.7 314.7 260.6 184.0 60.1 5.4 5.4
12.2 14.2 7.6 5.9 15.1 105.1 310.7 263.4 209.8 36.7 7.5 6.2
10.6 8.8 11.1 37.3 120.2 266.8 485.9 350.7 312.4 68.7 5.5 7.3
11.7 10.1 12.2 4.7 17.2 133.2 267.7 248.9 179.4 40.8 8.3 7.1
10.7 6.5 7.2 10.0 34.9 153.5 311.0 267.1 247.4 67.5 6.3 5.4
14.2 12.1 12.4 13.1 51.9 215.0 366.4 289.6 247.6 50.8 2.8 2.0
12.2 11.1 5.9 16.6 54.1 163.9 323.8 296.1 198.3 54.2 9.6 5.2
10.7 8.3 7.4 9.3 27.6 116.4 304.9 238.0 201.3 52.7 5.0 3.1
9.3 8.7 12.2 36.9 127.4 277.3 479.0 358.4 322.2 84.9 8.0 8.5
20.1 5.3 10.4 9.3 38.3 185.1 358.4 291.4 185.6 34.6 1.7 1.4
11.1 7.6 9.0 14.4 71.4 152.1 279.0 230.8 232.3 71.4 1.6 5.6
8.2 8.7 12.0 27.9 88.4 223.8 381.0 308.5 234.9 70.4 5.2 4.0