24.6 27.4 33.6 37.5 37.5 36.0 33.1 32.9 33.1 32.4 30.0 25.8 32.0
22.9 26.4 32.5 37.5 38.4 36.9 33.1 32.5 32.3 31.8 28.9 24.4 31.5
23.2 25.9 31.2 35.4 35.6 34.9 32.6 32.7 32.6 31.7 28.9 24.7 30.8
23.8 26.6 32.9 38.6 40.5 38.5 33.5 32.6 32.5 32.0 29.4 25.2 32.2
23.5 26.1 31.3 34.2 34.0 33.1 31.9 32.3 32.0 31.4 28.9 25.4 30.3
23.5 26.8 33.2 38.9 40.5 38.0 33.3 32.7 32.6 31.6 28.9 24.7 32.1
24.8 28.0 33.4 38.8 40.2 37.3 33.3 32.6 32.4 31.6 29.4 25.9 32.3
22.4 25.2 31.0 35.3 35.7 34.8 32.4 32.4 32.2 31.5 28.7 24.4 30.5
22.6 25.3 30.9 35.2 35.6 34.5 32.4 32.6 32.1 31.3 28.7 24.5 30.5
23.3 26.0 32.3 37.2 38.0 36.5 32.9 32.5 32.3 31.6 28.9 24.5 31.3
24.0 26.7 32.0 35.4 34.7 33.7 32.0 32.2 32.1 31.4 29.1 25.4 30.7
22.8 25.1 30.9 35.2 35.5 34.4 32.2 32.4 32.1 31.2 28.7 24.5 30.4
23.2 26.1 32.4 36.8 36.8 35.2 32.7 32.3 32.3 31.5 28.6 24.4 31.0
23.7 26.5 31.4 35.8 35.1 34.5 32.5 32.7 32.2 31.6 29.0 25.1 30.8